{
  "widths": [
    0.5,
    0.6,
    0.7,
    0.8,
    0.9,
    1.0,
    1.1,
    1.2,
    1.3,
    1.4,
    1.5,
    1.6,
    1.7,
    1.8,
    1.9,
    2.0,
    2.1,
    2.2,
    2.3,
    2.4,
    2.5
  ],
  "heights": [
    1.1,
    1.3,
    1.5,
    1.7,
    1.9,
    2.1,
    2.3,
    2.5,
    2.7,
    2.9,
    3.1
  ],
  "prices": {
    "E": [
      [
        21.14,
        23.27,
        25.61,
        27.91,
        30.14,
        32.53,
        34.51,
        36.58,
        38.77,
        40.72,
        42.74,
        44.88,
        47.13,
        49.03,
        50.98,
        53.01,
        55.12,
        56.78,
        58.49,
        60.25,
        62.06
      ],
      [
        22.42,
        24.68,
        27.13,
        29.59,
        31.94,
        34.51,
        36.58,
        38.77,
        41.09,
        43.14,
        45.3,
        47.58,
        49.97,
        51.96,
        54.03,
        56.18,
        58.45,
        60.18,
        62.01,
        63.87,
        65.77
      ],
      [
        23.77,
        26.17,
        28.76,
        31.36,
        33.87,
        36.58,
        38.77,
        41.09,
        43.56,
        45.74,
        48.03,
        50.43,
        52.95,
        55.07,
        57.27,
        59.57,
        61.94,
        63.81,
        65.71,
        67.69,
        69.71
      ],
      [
        25.19,
        27.72,
        30.49,
        33.24,
        35.9,
        38.77,
        41.09,
        43.56,
        46.17,
        48.47,
        50.89,
        53.44,
        56.12,
        58.38,
        60.7,
        63.15,
        65.65,
        67.63,
        69.65,
        71.75,
        73.92
      ],
      [
        26.46,
        29.11,
        32.02,
        34.9,
        37.68,
        40.72,
        43.14,
        45.74,
        48.47,
        50.89,
        53.44,
        56.12,
        58.92,
        61.29,
        63.73,
        66.29,
        68.93,
        71.02,
        73.12,
        75.35,
        77.6
      ],
      [
        27.78,
        30.56,
        33.61,
        36.64,
        39.56,
        42.74,
        45.3,
        48.03,
        50.89,
        53.44,
        56.12,
        58.92,
        61.87,
        64.36,
        66.92,
        69.6,
        72.39,
        74.57,
        76.79,
        79.1,
        81.46
      ],
      [
        29.17,
        32.1,
        35.28,
        38.48,
        41.56,
        44.88,
        47.58,
        50.43,
        53.44,
        56.12,
        58.92,
        61.87,
        64.97,
        67.56,
        70.27,
        73.08,
        76.0,
        78.29,
        80.66,
        83.05,
        85.54
      ],
      [
        30.63,
        33.69,
        37.07,
        40.41,
        43.64,
        47.13,
        49.97,
        52.95,
        56.12,
        58.92,
        61.87,
        64.97,
        68.21,
        70.94,
        73.79,
        76.74,
        79.8,
        82.2,
        84.67,
        87.21,
        89.82
      ],
      [
        31.85,
        35.04,
        38.55,
        42.0,
        45.39,
        49.03,
        51.96,
        55.07,
        58.38,
        61.29,
        64.36,
        67.56,
        70.94,
        73.79,
        76.74,
        79.8,
        83.01,
        85.49,
        88.06,
        90.7,
        93.42
      ],
      [
        33.13,
        36.45,
        40.08,
        43.72,
        47.19,
        50.98,
        54.03,
        57.27,
        60.7,
        63.73,
        66.92,
        70.27,
        73.79,
        76.74,
        79.8,
        83.01,
        86.3,
        88.92,
        91.57,
        94.34,
        97.14
      ],
      [
        34.46,
        37.89,
        41.7,
        45.45,
        49.08,
        53.01,
        56.18,
        59.57,
        63.15,
        66.29,
        69.6,
        73.08,
        76.74,
        79.8,
        83.01,
        86.3,
        89.77,
        92.47,
        95.24,
        98.09,
        101.05
      ]
    ],
    "1": [
      [
        23.51,
        25.85,
        28.45,
        31.01,
        33.49,
        36.16,
        38.35,
        40.64,
        43.07,
        45.24,
        47.48,
        49.85,
        52.37,
        54.46,
        56.64,
        58.89,
        61.26,
        63.09,
        64.99,
        66.92,
        68.93
      ],
      [
        24.92,
        27.42,
        30.16,
        32.88,
        35.49,
        38.35,
        40.64,
        43.07,
        45.67,
        47.95,
        50.33,
        52.86,
        55.51,
        57.72,
        60.03,
        62.43,
        64.93,
        66.87,
        68.89,
        70.94,
        73.07
      ],
      [
        26.41,
        29.06,
        31.94,
        34.85,
        37.63,
        40.64,
        43.07,
        45.67,
        48.41,
        50.82,
        53.36,
        56.03,
        58.82,
        61.19,
        63.63,
        66.17,
        68.82,
        70.88,
        73.01,
        75.19,
        77.46
      ],
      [
        28.01,
        30.82,
        33.89,
        36.94,
        39.9,
        43.07,
        45.67,
        48.41,
        51.3,
        53.87,
        56.57,
        59.38,
        62.35,
        64.86,
        67.45,
        70.14,
        72.96,
        75.14,
        77.39,
        79.72,
        82.1
      ],
      [
        29.41,
        32.34,
        35.6,
        38.78,
        41.88,
        45.24,
        47.95,
        50.82,
        53.87,
        56.57,
        59.38,
        62.35,
        65.47,
        68.1,
        70.83,
        73.65,
        76.62,
        78.9,
        81.25,
        83.71,
        86.23
      ],
      [
        30.89,
        33.95,
        37.36,
        40.72,
        43.98,
        47.48,
        50.33,
        53.36,
        56.57,
        59.38,
        62.35,
        65.47,
        68.75,
        71.51,
        74.36,
        77.34,
        80.43,
        82.84,
        85.31,
        87.89,
        90.52
      ],
      [
        32.42,
        35.66,
        39.23,
        42.75,
        46.17,
        49.85,
        52.86,
        56.03,
        59.38,
        62.35,
        65.47,
        68.75,
        72.2,
        75.09,
        78.09,
        81.2,
        84.45,
        86.98,
        89.6,
        92.28,
        95.06
      ],
      [
        34.02,
        37.43,
        41.19,
        44.9,
        48.47,
        52.37,
        55.51,
        58.82,
        62.35,
        65.47,
        68.75,
        72.2,
        75.81,
        78.84,
        81.99,
        85.26,
        88.66,
        91.33,
        94.05,
        96.9,
        99.81
      ],
      [
        35.4,
        38.94,
        42.83,
        46.69,
        50.43,
        54.46,
        57.72,
        61.19,
        64.86,
        68.1,
        71.51,
        75.09,
        78.84,
        81.99,
        85.26,
        88.66,
        92.22,
        95.01,
        97.84,
        100.76,
        103.81
      ],
      [
        36.81,
        40.5,
        44.55,
        48.55,
        52.45,
        56.64,
        60.03,
        63.63,
        67.45,
        70.83,
        74.36,
        78.09,
        81.99,
        85.26,
        88.66,
        92.22,
        95.92,
        98.79,
        101.77,
        104.8,
        107.94
      ],
      [
        38.29,
        42.11,
        46.34,
        50.49,
        54.53,
        58.89,
        62.43,
        66.17,
        70.14,
        73.65,
        77.34,
        81.2,
        85.26,
        88.66,
        92.22,
        95.92,
        99.76,
        102.74,
        105.83,
        109.0,
        112.28
      ]
    ],
    "2": [
      [
        32.45,
        35.69,
        39.26,
        42.79,
        46.22,
        49.93,
        52.89,
        56.08,
        59.43,
        62.41,
        65.55,
        68.81,
        72.25,
        75.15,
        78.16,
        81.27,
        84.52,
        87.07,
        89.68,
        92.37,
        95.12
      ],
      [
        34.39,
        37.84,
        41.63,
        45.34,
        49.0,
        52.89,
        56.08,
        59.43,
        63.0,
        66.16,
        69.46,
        72.94,
        76.61,
        79.65,
        82.84,
        86.16,
        89.61,
        92.28,
        95.06,
        97.91,
        100.85
      ],
      [
        36.46,
        40.11,
        44.11,
        48.07,
        51.94,
        56.08,
        59.43,
        63.0,
        66.81,
        70.13,
        73.64,
        77.33,
        81.18,
        84.44,
        87.81,
        91.32,
        95.0,
        97.83,
        100.75,
        103.78,
        106.88
      ],
      [
        38.64,
        42.51,
        46.76,
        50.98,
        55.04,
        59.43,
        63.0,
        66.81,
        70.81,
        74.35,
        78.04,
        81.95,
        86.05,
        89.51,
        93.08,
        96.79,
        100.65,
        103.69,
        106.8,
        110.03,
        113.31
      ],
      [
        40.56,
        44.64,
        49.09,
        53.52,
        57.8,
        62.41,
        66.16,
        70.13,
        74.35,
        78.04,
        81.95,
        86.05,
        90.35,
        93.96,
        97.73,
        101.65,
        105.7,
        108.89,
        112.13,
        115.5,
        118.97
      ],
      [
        42.59,
        46.85,
        51.53,
        56.18,
        60.68,
        65.55,
        69.46,
        73.64,
        78.04,
        81.95,
        86.05,
        90.35,
        94.87,
        98.68,
        102.63,
        106.73,
        111.02,
        114.31,
        117.75,
        121.29,
        124.93
      ],
      [
        44.75,
        49.2,
        54.11,
        59.0,
        63.7,
        68.81,
        72.94,
        77.33,
        81.95,
        86.05,
        90.35,
        94.87,
        99.62,
        103.61,
        107.77,
        112.07,
        116.56,
        120.03,
        123.63,
        127.35,
        131.17
      ],
      [
        46.97,
        51.67,
        56.82,
        61.95,
        66.89,
        72.25,
        76.61,
        81.18,
        86.05,
        90.35,
        94.87,
        99.62,
        104.6,
        108.78,
        113.15,
        117.66,
        122.37,
        126.04,
        129.82,
        133.7,
        137.73
      ],
      [
        48.85,
        53.74,
        59.12,
        64.42,
        69.58,
        75.15,
        79.65,
        84.44,
        89.51,
        93.96,
        98.68,
        103.61,
        108.78,
        113.15,
        117.66,
        122.37,
        127.28,
        131.06,
        135.02,
        139.06,
        143.24
      ],
      [
        50.8,
        55.87,
        61.48,
        67.01,
        72.36,
        78.16,
        82.84,
        87.81,
        93.08,
        97.73,
        102.63,
        107.77,
        113.15,
        117.66,
        122.37,
        127.28,
        132.35,
        136.32,
        140.41,
        144.63,
        148.97
      ],
      [
        52.83,
        58.11,
        63.93,
        69.67,
        75.26,
        81.27,
        86.16,
        91.32,
        96.79,
        101.65,
        106.73,
        112.07,
        117.66,
        122.37,
        127.28,
        132.35,
        137.66,
        141.78,
        146.03,
        150.4,
        154.93
      ]
    ],
    "3": [
      [
        42.8,
        47.08,
        51.78,
        56.45,
        60.95,
        65.84,
        69.8,
        73.98,
        78.42,
        82.35,
        86.46,
        90.79,
        95.31,
        100.07,
        105.09,
        110.35,
        115.87,
        120.48,
        125.3,
        130.31,
        135.54
      ],
      [
        45.79,
        50.37,
        55.4,
        60.39,
        65.22,
        70.44,
        74.68,
        79.15,
        83.89,
        88.1,
        92.49,
        97.13,
        101.99,
        107.09,
        112.43,
        118.05,
        123.96,
        128.93,
        134.08,
        139.45,
        145.02
      ],
      [
        49.02,
        53.89,
        59.3,
        64.63,
        69.8,
        75.39,
        79.9,
        84.71,
        89.76,
        94.27,
        98.97,
        103.92,
        109.13,
        114.6,
        120.32,
        126.31,
        132.66,
        137.95,
        143.48,
        149.19,
        155.17
      ],
      [
        52.45,
        57.66,
        63.43,
        69.15,
        74.69,
        80.67,
        85.49,
        90.6,
        96.06,
        100.86,
        105.9,
        111.2,
        116.77,
        122.61,
        128.73,
        135.17,
        141.94,
        147.6,
        153.52,
        159.66,
        166.02
      ],
      [
        56.1,
        61.7,
        67.89,
        73.99,
        79.91,
        86.29,
        91.48,
        96.97,
        102.78,
        107.91,
        113.31,
        118.98,
        124.94,
        131.18,
        137.74,
        144.63,
        151.86,
        157.94,
        164.24,
        170.82,
        177.66
      ],
      [
        59.45,
        65.41,
        71.96,
        78.43,
        84.72,
        91.48,
        96.97,
        102.78,
        108.94,
        114.41,
        120.12,
        126.13,
        132.43,
        139.05,
        146.01,
        153.31,
        160.97,
        167.41,
        174.1,
        181.07,
        188.33
      ],
      [
        63.02,
        69.35,
        76.26,
        83.13,
        89.77,
        96.97,
        102.78,
        108.94,
        115.48,
        121.26,
        127.33,
        133.68,
        140.37,
        147.38,
        154.77,
        162.52,
        170.64,
        177.46,
        184.57,
        191.94,
        199.63
      ],
      [
        66.82,
        73.49,
        80.86,
        88.13,
        95.18,
        102.78,
        108.94,
        115.48,
        122.42,
        128.55,
        134.98,
        141.72,
        148.81,
        156.25,
        164.06,
        172.25,
        180.86,
        188.1,
        195.62,
        203.46,
        211.61
      ],
      [
        70.83,
        77.89,
        85.7,
        93.4,
        100.88,
        108.94,
        115.48,
        122.42,
        129.77,
        136.26,
        143.07,
        150.22,
        157.74,
        165.63,
        173.91,
        182.59,
        191.72,
        199.4,
        207.37,
        215.68,
        224.29
      ],
      [
        74.37,
        81.8,
        89.97,
        98.07,
        105.92,
        114.41,
        121.26,
        128.55,
        136.26,
        143.07,
        150.22,
        157.74,
        165.63,
        173.91,
        182.59,
        191.72,
        201.32,
        209.36,
        217.72,
        226.46,
        235.51
      ],
      [
        78.1,
        85.9,
        94.48,
        102.99,
        111.23,
        120.12,
        127.33,
        134.98,
        143.07,
        150.22,
        157.74,
        165.63,
        173.91,
        182.59,
        191.72,
        201.32,
        211.38,
        219.81,
        228.63,
        237.75,
        247.29
      ]
    ],
    "4": [
      [
        57.47,
        64.37,
        70.83,
        77.17,
        84.14,
        90.88,
        98.12,
        105.01,
        112.36,
        117.96,
        123.86,
        130.05,
        136.54,
        143.39,
        150.56,
        156.58,
        162.83,
        169.36,
        176.15,
        183.19,
        190.5
      ],
      [
        61.51,
        68.89,
        75.77,
        82.59,
        90.0,
        97.23,
        105.01,
        112.36,
        120.21,
        126.22,
        132.54,
        139.17,
        146.12,
        153.42,
        161.1,
        167.55,
        174.24,
        181.22,
        188.45,
        196.02,
        203.84
      ],
      [
        65.82,
        73.7,
        81.1,
        88.38,
        96.33,
        104.02,
        112.36,
        120.21,
        128.63,
        135.06,
        141.8,
        148.91,
        156.34,
        164.17,
        172.37,
        179.27,
        186.44,
        193.9,
        201.65,
        209.73,
        218.12
      ],
      [
        70.41,
        78.87,
        86.75,
        94.56,
        103.07,
        111.31,
        120.21,
        128.63,
        137.63,
        144.52,
        151.76,
        159.33,
        167.3,
        175.67,
        184.45,
        191.81,
        199.5,
        207.45,
        215.77,
        224.41,
        233.38
      ],
      [
        75.36,
        84.38,
        92.82,
        101.17,
        110.27,
        119.1,
        128.63,
        137.63,
        147.27,
        154.63,
        162.36,
        170.48,
        179.0,
        187.96,
        197.36,
        205.24,
        213.44,
        221.99,
        230.87,
        240.11,
        249.7
      ],
      [
        79.87,
        89.47,
        98.39,
        107.24,
        116.89,
        126.24,
        136.33,
        145.89,
        156.1,
        163.92,
        172.12,
        180.71,
        189.76,
        199.22,
        209.2,
        217.56,
        226.26,
        235.32,
        244.72,
        254.51,
        264.69
      ],
      [
        84.67,
        94.81,
        104.29,
        113.67,
        123.92,
        133.83,
        144.54,
        154.65,
        165.47,
        173.76,
        182.43,
        191.55,
        201.13,
        211.19,
        221.75,
        230.6,
        239.86,
        249.44,
        259.41,
        269.78,
        280.58
      ],
      [
        89.73,
        100.51,
        110.56,
        120.49,
        131.35,
        141.84,
        153.2,
        163.94,
        175.4,
        184.17,
        193.37,
        203.06,
        213.19,
        223.85,
        235.06,
        244.45,
        254.24,
        264.4,
        274.99,
        285.98,
        297.42
      ],
      [
        95.11,
        106.54,
        117.19,
        127.73,
        139.22,
        150.36,
        162.38,
        173.77,
        185.95,
        195.22,
        204.98,
        215.24,
        226.0,
        237.3,
        249.15,
        259.12,
        269.49,
        280.28,
        291.47,
        303.14,
        315.26
      ],
      [
        99.87,
        111.87,
        123.04,
        134.1,
        146.19,
        157.88,
        170.5,
        182.45,
        195.22,
        204.98,
        215.24,
        226.0,
        237.3,
        249.15,
        261.63,
        272.07,
        282.95,
        294.28,
        306.06,
        318.28,
        331.03
      ],
      [
        104.86,
        117.45,
        129.19,
        140.81,
        153.51,
        165.77,
        179.02,
        191.57,
        204.98,
        215.24,
        226.0,
        237.3,
        249.15,
        261.63,
        274.69,
        285.68,
        297.11,
        308.98,
        321.35,
        334.2,
        347.59
      ]
    ],
    "5": [
      [
        100.34,
        112.41,
        123.64,
        134.73,
        146.88,
        158.63,
        171.31,
        183.31,
        196.15,
        205.97,
        216.25,
        227.06,
        238.41,
        250.32,
        262.84,
        273.38,
        284.28,
        295.66,
        307.5,
        319.8,
        332.58
      ],
      [
        107.39,
        120.24,
        132.29,
        144.17,
        157.18,
        169.73,
        183.31,
        196.15,
        209.85,
        220.35,
        231.38,
        242.96,
        255.1,
        267.84,
        281.24,
        292.46,
        304.19,
        316.36,
        328.99,
        342.19,
        355.86
      ],
      [
        114.9,
        128.66,
        141.55,
        154.27,
        168.16,
        181.63,
        196.15,
        209.85,
        224.58,
        235.8,
        247.57,
        259.95,
        272.93,
        286.61,
        300.95,
        312.94,
        325.5,
        338.51,
        352.04,
        366.13,
        380.77
      ],
      [
        122.91,
        137.68,
        151.44,
        165.07,
        179.91,
        194.33,
        209.85,
        224.58,
        240.29,
        252.29,
        264.91,
        278.15,
        292.07,
        306.66,
        322.0,
        334.89,
        348.25,
        362.2,
        376.69,
        391.74,
        407.42
      ],
      [
        131.54,
        147.32,
        162.05,
        176.64,
        192.51,
        207.94,
        224.58,
        240.29,
        257.14,
        269.95,
        283.45,
        297.61,
        312.52,
        328.14,
        344.53,
        358.32,
        372.65,
        387.56,
        403.08,
        419.18,
        435.95
      ],
      [
        139.42,
        156.17,
        171.75,
        187.2,
        204.07,
        220.4,
        238.02,
        254.68,
        272.53,
        286.14,
        300.45,
        315.47,
        331.25,
        347.83,
        365.24,
        379.83,
        395.0,
        410.81,
        427.24,
        444.34,
        462.09
      ],
      [
        147.78,
        165.53,
        182.08,
        198.48,
        216.33,
        233.63,
        252.3,
        269.98,
        288.87,
        303.34,
        318.5,
        334.41,
        351.13,
        368.7,
        387.14,
        402.6,
        418.72,
        435.47,
        452.89,
        470.98,
        489.85
      ],
      [
        156.66,
        175.45,
        193.02,
        210.38,
        229.3,
        247.64,
        267.47,
        286.15,
        306.22,
        321.5,
        337.57,
        354.49,
        372.19,
        390.8,
        410.33,
        426.76,
        443.81,
        461.58,
        480.05,
        499.26,
        519.23
      ],
      [
        166.04,
        185.97,
        204.58,
        222.99,
        243.05,
        262.51,
        283.51,
        303.35,
        324.58,
        340.8,
        357.84,
        375.74,
        394.55,
        414.23,
        434.95,
        452.36,
        470.47,
        489.28,
        508.85,
        529.19,
        550.35
      ],
      [
        174.37,
        195.28,
        214.81,
        234.14,
        255.22,
        275.65,
        297.69,
        318.53,
        340.8,
        357.84,
        375.74,
        394.55,
        414.23,
        434.95,
        456.71,
        474.98,
        494.0,
        513.74,
        534.28,
        555.66,
        577.88
      ],
      [
        183.09,
        205.05,
        225.55,
        245.86,
        267.96,
        289.42,
        312.57,
        334.45,
        357.84,
        375.74,
        394.55,
        414.23,
        434.95,
        456.71,
        479.55,
        498.73,
        518.67,
        539.42,
        561.02,
        583.43,
        606.77
      ]
    ]
  }
}